-1.30466,-0.89589,1.1774,1.26887,2.49603,-1.55604,0.486629
0.0569395,-0.86301,-1.22809,1.26548,-2.4893,-1.55604,-0.347976
-1.2975,-0.910164,1.15476,1.27077,2.51544,-1.54871,0.477307
0.0508967,-0.877509,-1.20641,1.26717,-2.50885,-1.54871,-0.338729
-1.28965,-0.924633,1.13115,1.27282,2.53528,-1.54138,0.46762
0.0442273,-0.892233,-1.18383,1.269,-2.52885,-1.54138,-0.329118
-1.28103,-0.939305,1.10648,1.27501,2.55558,-1.53405,0.45754
0.0368635,-0.907193,-1.16026,1.27096,-2.54932,-1.53405,-0.319113
-1.27155,-0.954187,1.08063,1.27736,2.57636,-1.52672,0.447035
0.028726,-0.922403,-1.13558,1.27307,-2.57031,-1.52672,-0.308684
-1.26111,-0.969289,1.05347,1.27988,2.59766,-1.51939,0.436068
0.019722,-0.937875,-1.10968,1.27535,-2.59185,-1.51939,-0.297793
-1.24959,-0.984618,1.02483,1.28259,2.61954,-1.51206,0.424596
0.00974153,-0.953626,-1.0824,1.27781,-2.61401,-1.51206,-0.286397
-1.23684,-1.00018,0.994524,1.2855,2.64204,-1.50474,0.41257
-0.00134681,-0.969672,-1.05355,1.28047,-2.63682,-1.50474,-0.274444
-1.22271,-1.016,0.962331,1.28863,2.66522,-1.49741,0.399928
-0.0137017,-0.98603,-1.02294,1.28335,-2.66037,-1.49741,-0.261875
-0.0275171,-1.00272,-0.990277,1.28647,-2.68473,-1.49008,-0.248615
-1.20697,-1.03206,0.927972,1.29201,2.68916,-1.49008,0.386599
-0.0430339,-1.01977,-0.955253,1.28987,-2.71,-1.48275,-0.234576
-1.18937,-1.04839,0.891107,1.29565,2.71394,-1.48275,0.372493
-0.0605563,-1.0372,-0.917453,1.29357,-2.73629,-1.47542,-0.219643
-1.16959,-1.065,0.851308,1.29959,2.73966,-1.47542,0.357499
-0.0804766,-1.05504,-0.876345,1.29761,-2.76377,-1.46809,-0.203672
-1.14721,-1.08188,0.808027,1.30385,2.76648,-1.46809,0.341474
-1.12169,-1.09904,0.760539,1.30847,2.79457,-1.46076,0.324228
-0.103314,-1.07332,-0.831227,1.30205,-2.79262,-1.46076,-0.186472
-1.09228,-1.11648,0.707855,1.31348,2.82418,-1.45343,0.305501
-0.129781,-1.09208,-0.781132,1.30692,-2.82312,-1.45343,-0.167779
-1.05794,-1.13419,0.648559,1.31891,2.8557,-1.4461,0.284918
-0.160897,-1.11138,-0.724673,1.31231,-2.85568,-1.4461,-0.147215
-1.01707,-1.15216,0.580493,1.32482,2.88972,-1.43877,0.2619
-0.198216,-1.13127,-0.65972,1.31828,-2.89091,-1.43877,-0.124197
-0.967026,-1.17033,0.500035,1.33123,2.92726,-1.43144,0.23546
-0.244337,-1.15185,-0.582687,1.32497,-2.92987,-1.43144,-0.0977316
-0.902708,-1.18859,0.400093,1.33815,2.97046,-1.42411,0.203626
-0.304319,-1.17326,-0.486518,1.33251,-2.97476,-1.42411,-0.06584
-0.810674,-1.20662,0.261716,1.34551,3.02541,-1.41678,0.161009
-0.391548,-1.19587,-0.352305,1.3412,-3.03168,-1.41678,-0.023123
-0.824972,-1.20437,0.288723,1.29156,-0.125629,1.471,-2.9752
-0.913302,-1.18593,0.424594,1.28454,-0.179867,1.47833,-2.93437
-0.976101,-1.16731,0.524668,1.27802,-0.223349,1.48566,-2.90331
-0.235993,-1.14841,-0.606546,1.27168,0.220979,1.48566,3.04105
-1.02526,-1.1488,0.605919,1.27206,-0.261433,1.49299,-2.87733
-0.190724,-1.12753,-0.684493,1.26548,0.260536,1.49299,3.01504
-1.06553,-1.1305,0.675012,1.26662,-0.296095,1.50032,-2.85463
-0.153987,-1.10733,-0.750573,1.26002,0.296452,1.50032,2.99233
-0.123314,-1.08771,-0.808229,1.25517,0.329737,1.50765,2.97199
-1.09941,-1.11245,0.735421,1.26169,-0.32831,1.50765,-2.83427
-0.0972096,-1.06864,-0.859533,1.25086,0.360983,1.51498,2.95347
-1.12844,-1.09469,0.789244,1.2572,-0.358641,1.51498,-2.81572
-0.0746849,-1.05005,-0.905846,1.247,0.390574,1.52231,2.93641
-1.15364,-1.07721,0.837867,1.25314,-0.387447,1.52231,-2.79862
-0.0550455,-1.03191,-0.948119,1.24355,0.418776,1.52964,2.92055
-1.17573,-1.06002,0.882263,1.24944,-0.414976,1.52964,-2.7827
-1.19524,-1.04312,0.923149,1.24608,-0.441407,1.53697,-2.76781
-0.0377818,-1.01418,-0.98705,1.24046,0.445785,1.53697,2.90571
-1.21259,-1.0265,0.961071,1.24304,-0.466875,1.54429,-2.75378
-0.0225078,-0.996847,-1.02317,1.23769,0.471751,1.54429,2.89175
-1.22809,-1.01014,0.996453,1.24027,-0.491488,1.55162,-2.74052
-0.0089235,-0.979876,-1.05688,1.23519,0.496791,1.55162,2.87856
-1.24199,-0.994053,1.02964,1.23775,-0.515329,1.55895,-2.72794
0.00320926,-0.963247,-1.08851,1.23295,0.521001,1.55895,2.86605
-1.25451,-0.978216,1.06089,1.23547,-0.538472,1.56628,-2.71597
0.0140827,-0.94694,-1.11834,1.23094,0.544461,1.56628,2.85415
-1.26582,-0.962626,1.09046,1.2334,-0.560975,1.57361,-2.70454
0.0238543,-0.930935,-1.14656,1.22914,0.567235,1.57361,2.8428
-1.27605,-0.947271,1.11851,1.23153,-0.582888,1.58094,-2.69361
0.0326544,-0.915218,-1.17337,1.22752,0.589383,1.58094,2.83195
-1.28532,-0.932144,1.14522,1.22983,-0.604258,1.58827,-2.68315
0.0405924,-0.899771,-1.19892,1.22608,0.610951,1.58827,2.82156
-1.29374,-0.917236,1.17072,1.2283,-0.62512,1.5956,-2.6731
0.0477608,-0.884583,-1.22334,1.22479,0.631984,1.5956,2.81159
-1.3014,-0.902538,1.19513,1.22692,-0.645511,1.60293,-2.66344
0.0542383,-0.869639,-1.24673,1.22364,0.652519,1.60293,2.80201
-1.30836,-0.888044,1.21855,1.22568,-0.665461,1.61026,-2.65415
0.0600927,-0.854929,-1.26919,1.22263,0.67259,1.61026,2.79279
-1.31469,-0.873744,1.24107,1.22457,-0.684996,1.61759,-2.64519
0.0653824,-0.840441,-1.29081,1.22174,0.692226,1.61759,2.78391
-1.32045,-0.859633,1.26276,1.22358,-0.704142,1.62492,-2.63656
0.0701583,-0.826164,-1.31166,1.22095,0.711456,1.62492,2.77534
-1.32569,-0.845703,1.28369,1.22269,-0.722921,1.63225,-2.62822
0.0744648,-0.812091,-1.33181,1.22028,0.730302,1.63225,2.76707
-1.33045,-0.831948,1.30393,1.22192,-0.741353,1.63958,-2.62016
0.0783412,-0.798211,-1.3513,1.2197,0.748789,1.63958,2.75909
-1.33477,-0.81836,1.32353,1.22124,-0.759457,1.64691,-2.61236
0.0818219,-0.784518,-1.3702,1.2192,0.766934,1.64691,2.75136
-1.33869,-0.804936,1.34254,1.22065,-0.777251,1.65424,-2.60482
0.0849374,-0.771003,-1.38854,1.2188,0.784759,1.65424,2.74389
-1.34222,-0.791668,1.361,1.22014,-0.79475,1.66157,-2.59752
0.087715,-0.757659,-1.40637,1.21847,0.802279,1.66157,2.73666
0.090179,-0.744479,-1.42373,1.21821,0.81951,1.66889,2.72965
-1.34541,-0.778551,1.37895,1.21972,-0.811969,1.66889,-2.59045
0.0923511,-0.731458,-1.44064,1.21802,0.836468,1.67622,2.72286
-1.34828,-0.765581,1.39642,1.21936,-0.828922,1.67622,-2.58359
0.0942509,-0.71859,-1.45714,1.21789,0.853165,1.68355,2.71628
-1.35084,-0.752753,1.41345,1.21908,-0.845623,1.68355,-2.57695
-1.35312,-0.740062,1.43007,1.21886,-0.862081,1.69088,-2.5705
0.095896,-0.705869,-1.47325,1.21783,0.869615,1.69088,2.7099
-1.35514,-0.727503,1.4463,1.21871,-0.87831,1.69821,-2.56424
0.0973024,-0.69329,-1.489,1.21782,0.885829,1.69821,2.7037
-1.35691,-0.715073,1.46216,1.21861,-0.894319,1.70554,-2.55817
0.0984845,-0.680848,-1.50441,1.21786,0.901819,1.70554,2.69769
-1.35844,-0.702768,1.47769,1.21857,-0.910119,1.71287,-2.55227
0.0994554,-0.668539,-1.51951,1.21796,0.917594,1.71287,2.69186
-1.35976,-0.690583,1.49289,1.21858,-0.925718,1.7202,-2.54655
0.100227,-0.656358,-1.5343,1.2181,0.933165,1.7202,2.68619
-1.36086,-0.678516,1.5078,1.21864,-0.941126,1.72753,-2.54099
0.10081,-0.644301,-1.54882,1.21829,0.94854,1.72753,2.68069
-1.36177,-0.666563,1.52242,1.21875,-0.95635,1.73486,-2.53558
0.101215,-0.632365,-1.56307,1.21852,0.963729,1.73486,2.67535
-1.3625,-0.65472,1.53678,1.2189,-0.971399,1.74219,-2.53034
0.10145,-0.620546,-1.57708,1.21879,0.978739,1.74219,2.67016
-1.36304,-0.642986,1.55088,1.2191,-0.986281,1.74952,-2.52524
0.101523,-0.60884,-1.59085,1.2191,0.993579,1.74952,2.66511
-1.36342,-0.631356,1.56475,1.21933,-1.001,1.75685,-2.52029
0.101442,-0.597245,-1.6044,1.21945,1.00826,1.75685,2.66021
-1.36364,-0.619828,1.57839,1.21961,-1.01557,1.76418,-2.51548
-1.3637,-0.608399,1.59181,1.21992,-1.02999,1.77151,-2.5108
0.100876,-0.574372,-1.63088,1.22024,1.03715,1.77151,2.65086
-1.36362,-0.597068,1.60504,1.22026,-1.04427,1.77884,-2.50626
0.10037,-0.563089,-1.64383,1.22069,1.05137,1.77884,2.64637
-1.3634,-0.585831,1.61808,1.22064,-1.05841,1.78617,-2.50185
0.0997508,-0.551905,-1.6566,1.22116,1.06546,1.78617,2.64201
-1.36305,-0.574686,1.63093,1.22105,-1.07242,1.79349,-2.49757
0.0981048,-0.529823,-1.68166,1.22221,1.09326,1.80082,2.63365
-1.36256,-0.563631,1.64361,1.22149,-1.08631,1.80082,-2.49341
0.0971251,-0.51892,-1.69396,1.22277,1.10697,1.80815,2.62966
-1.36196,-0.552664,1.65613,1.22196,-1.10008,1.80815,-2.48938
0.0960333,-0.508107,-1.70611,1.22335,1.12057,1.81548,2.6258
-1.36123,-0.541782,1.6685,1.22246,-1.11373,1.81548,-2.48546
0.0948345,-0.497382,-1.71813,1.22397,1.13405,1.82281,2.62204
-1.36039,-0.530985,1.68072,1.22299,-1.12728,1.82281,-2.48166
0.0935325,-0.486741,-1.73002,1.2246,1.14744,1.83014,2.6184
-1.35944,-0.52027,1.6928,1.22354,-1.14072,1.83014,-2.47797
0.0921306,-0.476185,-1.74179,1.22526,1.16072,1.83747,2.61487
-1.35838,-0.509635,1.70475,1.22413,-1.15406,1.83747,-2.4744
0.0906315,-0.46571,-1.75344,1.22594,1.1739,1.8448,2.61146
-1.35722,-0.499079,1.71657,1.22472,-1.16731,1.8448,-2.47094
0.0890376,-0.455315,-1.76498,1.22664,1.18699,1.85213,2.60814
-1.35595,-0.4886,1.72828,1.22535,-1.18046,1.85213,-2.46758
0.0873502,-0.444999,-1.77641,1.22736,1.2,1.85946,2.60493
-1.35459,-0.478196,1.73987,1.226,-1.19353,1.85946,-2.46433
-1.35314,-0.467867,1.75135,1.22667,-1.20651,1.86679,-2.46119
-1.35159,-0.45761,1.76273,1.22736,-1.21941,1.87412,-2.45815
-1.34995,-0.447424,1.77402,1.22807,-1.23224,1.88145,-2.45521
-1.34822,-0.437309,1.78521,1.2288,-1.245,1.88878,-2.45238
0.0776835,-0.394542,-1.83221,1.23126,1.26382,1.89611,2.59049
-1.34641,-0.427262,1.79632,1.22955,-1.25768,1.89611,-2.44964
0.0754959,-0.384667,-1.84312,1.23209,1.27638,1.90344,2.58789
-1.34452,-0.417283,1.80734,1.23032,-1.2703,1.90344,-2.447
0.0732326,-0.37486,-1.85396,1.23294,1.28887,1.91076,2.58539
-1.34254,-0.40737,1.81828,1.23111,-1.28286,1.91076,-2.44446
0.0708942,-0.365121,-1.86474,1.2338,1.3013,1.91809,2.58298
-1.34049,-0.397523,1.82915,1.23191,-1.29536,1.91809,-2.44202
0.0684816,-0.355449,-1.87545,1.23468,1.31368,1.92542,2.58067
-1.33835,-0.38774,1.83996,1.23273,-1.30781,1.92542,-2.43967
0.0659959,-0.345842,-1.8861,1.23558,1.326,1.93275,2.57846
-1.33614,-0.37802,1.85069,1.23357,-1.3202,1.93275,-2.43742
0.0634381,-0.336301,-1.89669,1.23649,1.33828,1.94008,2.57634
-1.33385,-0.368363,1.86136,1.23442,-1.33254,1.94008,-2.43527
0.0608092,-0.326823,-1.90724,1.23741,1.3505,1.94741,2.57432
-1.33149,-0.358767,1.87197,1.23529,-1.34484,1.94741,-2.43321
0.0581101,-0.317408,-1.91773,1.23835,1.36269,1.95474,2.57239
-1.32906,-0.349232,1.88253,1.23618,-1.3571,1.95474,-2.43124
0.0553418,-0.308055,-1.92817,1.2393,1.37483,1.96207,2.57055
-1.32655,-0.339756,1.89304,1.23708,-1.36931,1.96207,-2.42936
0.0525049,-0.298763,-1.93857,1.24026,1.38694,1.9694,2.5688
-1.32397,-0.33034,1.90349,1.23799,-1.38149,1.9694,-2.42758
0.0496002,-0.289532,-1.94893,1.24123,1.39902,1.97673,2.56715
-1.32132,-0.320981,1.9139,1.23892,-1.39363,1.97673,-2.42589
0.0466283,-0.280361,-1.95925,1.24222,1.41106,1.98406,2.56559
-1.3186,-0.31168,1.92427,1.23986,-1.40575,1.98406,-2.42429
0.0435899,-0.271248,-1.96954,1.24322,1.42307,1.99139,2.56412
-1.31581,-0.302435,1.9346,1.24081,-1.41783,1.99139,-2.42279
0.0404854,-0.262194,-1.9798,1.24424,1.43506,1.99872,2.56274
-1.31296,-0.293247,1.94489,1.24178,-1.42989,1.99872,-2.42137
0.0373153,-0.253198,-1.99002,1.24526,1.44703,2.00605,2.56145
-1.31003,-0.284114,1.95515,1.24276,-1.44193,2.00605,-2.42005
0.03408,-0.244258,-2.00022,1.2463,1.45898,2.01338,2.56026
-1.30704,-0.275035,1.96538,1.24375,-1.45395,2.01338,-2.41882
0.0307798,-0.235375,-2.01039,1.24734,1.47091,2.02071,2.55915
-1.30398,-0.266011,1.97557,1.24476,-1.46595,2.02071,-2.41769
0.0274151,-0.226548,-2.02055,1.2484,1.48282,2.02804,2.55814
-1.30086,-0.25704,1.98574,1.24578,-1.47794,2.02804,-2.41664
0.0239861,-0.217776,-2.03068,1.24947,1.49473,2.03536,2.55722
-1.29767,-0.248122,1.99589,1.24681,-1.48992,2.03536,-2.41569
0.0204929,-0.209059,-2.0408,1.25055,1.50663,2.04269,2.5564
-1.29441,-0.239257,2.00602,1.24785,-1.50189,2.04269,-2.41483
0.0169357,-0.200397,-2.0509,1.25164,1.51852,2.05002,2.55567
-1.29109,-0.230443,2.01613,1.2489,-1.51386,2.05002,-2.41407
0.0133145,-0.191788,-2.06099,1.25273,1.53041,2.05735,2.55503
-1.2877,-0.221681,2.02622,1.24996,-1.52582,2.05735,-2.4134
0.00962942,-0.183233,-2.07107,1.25384,1.5423,2.06468,2.55448
-1.28425,-0.21297,2.0363,1.25103,-1.53778,2.06468,-2.41282
0.00588042,-0.174731,-2.08114,1.25496,1.55419,2.07201,2.55403
-1.28073,-0.20431,2.04636,1.25212,-1.54975,2.07201,-2.41234
0.00206742,-0.166282,-2.09121,1.25609,1.56609,2.07934,2.55368
-1.27715,-0.1957,2.05642,1.25321,-1.56173,2.07934,-2.41195
