0.658866,0.7006,-2.30746,1.83099,-1.57733,-1.55604,2.27847
-0.547364,-0.951525,0.82529,1.8319,1.75466,-1.55604,-2.29517
0.665048,0.694382,-2.29798,1.83019,-1.58345,-1.54871,2.27872
-0.53977,-0.957977,0.81347,1.83327,1.76067,-1.54871,-2.29637
0.671143,0.688107,-2.28857,1.82939,-1.5896,-1.54138,2.279
-0.532015,-0.964364,0.801484,1.83466,1.76666,-1.54138,-2.29762
0.677153,0.681776,-2.27925,1.8286,-1.59578,-1.53405,2.27933
-0.524097,-0.970686,0.78933,1.83606,1.77262,-1.53405,-2.29892
0.683079,0.675389,-2.27001,1.82782,-1.60198,-1.52672,2.27971
-0.516012,-0.97694,0.777003,1.83746,1.77856,-1.52672,-2.30025
0.688922,0.668946,-2.26086,1.82704,-1.60822,-1.51939,2.28013
-0.507758,-0.983124,0.764501,1.83888,1.78447,-1.51939,-2.30163
0.694681,0.66245,-2.25177,1.82627,-1.61449,-1.51206,2.28059
-0.499332,-0.989236,0.75182,1.84031,1.79035,-1.51206,-2.30306
0.700359,0.6559,-2.24277,1.8255,-1.62078,-1.50474,2.2811
-0.490733,-0.995274,0.738958,1.84174,1.79621,-1.50474,-2.30453
0.705956,0.649297,-2.23384,1.82474,-1.62712,-1.49741,2.28166
-0.481956,-1.00124,0.725911,1.84318,1.80204,-1.49741,-2.30604
0.711472,0.642642,-2.22499,1.82399,-1.63348,-1.49008,2.28226
-0.473001,-1.00712,0.712675,1.84463,1.80784,-1.49008,-2.3076
0.71691,0.635934,-2.21621,1.82325,-1.63987,-1.48275,2.2829
-0.463863,-1.01292,0.699249,1.84609,1.81362,-1.48275,-2.3092
0.72227,0.629176,-2.2075,1.82251,-1.64631,-1.47542,2.2836
-0.454542,-1.01865,0.685628,1.84755,1.81937,-1.47542,-2.31085
0.727552,0.622367,-2.19886,1.82178,-1.65277,-1.46809,2.28434
-0.445034,-1.02428,0.671811,1.84901,1.82509,-1.46809,-2.31254
0.732757,0.615508,-2.1903,1.82106,-1.65927,-1.46076,2.28512
-0.435338,-1.02983,0.657793,1.85047,1.83079,-1.46076,-2.31428
0.737887,0.6086,-2.1818,1.82035,-1.66581,-1.45343,2.28596
-0.425452,-1.03529,0.643574,1.85194,1.83646,-1.45343,-2.31607
0.742942,0.601642,-2.17336,1.81964,-1.67238,-1.4461,2.28684
-0.415372,-1.04066,0.629149,1.85341,1.8421,-1.4461,-2.3179
0.747924,0.594635,-2.165,1.81895,-1.67899,-1.43877,2.28777
-0.405099,-1.04593,0.614517,1.85487,1.84772,-1.43877,-2.31977
0.752832,0.58758,-2.15669,1.81826,-1.68564,-1.43144,2.28875
-0.394629,-1.0511,0.599675,1.85634,1.8533,-1.43144,-2.32169
0.757668,0.580477,-2.14845,1.81758,-1.69232,-1.42411,2.28978
-0.383962,-1.05618,0.584621,1.8578,1.85887,-1.42411,-2.32366
0.762433,0.573327,-2.14027,1.81691,-1.69905,-1.41678,2.29085
-0.373096,-1.06115,0.569354,1.85925,1.8644,-1.41678,-2.32568
0.767127,0.56613,-2.13216,1.81625,-1.70582,-1.40945,2.29198
-0.36203,-1.06601,0.553871,1.8607,1.86991,-1.40945,-2.32774
0.771752,0.558885,-2.1241,1.8156,-1.71263,-1.40212,2.29316
-0.350764,-1.07077,0.538171,1.86213,1.8754,-1.40212,-2.32985
0.776308,0.551594,-2.11609,1.81495,-1.71948,-1.39479,2.29439
-0.339295,-1.07541,0.522253,1.86356,1.88086,-1.39479,-2.33201
0.780796,0.544257,-2.10815,1.81432,-1.72637,-1.38747,2.29568
-0.327624,-1.07994,0.506115,1.86497,1.8863,-1.38747,-2.33422
0.785217,0.536873,-2.10026,1.81369,-1.73331,-1.38014,2.29701
-0.315751,-1.08435,0.489758,1.86637,1.89171,-1.38014,-2.33648
0.789571,0.529444,-2.09242,1.81308,-1.74029,-1.37281,2.2984
-0.303676,-1.08865,0.47318,1.86776,1.89711,-1.37281,-2.33879
0.793859,0.521969,-2.08464,1.81247,-1.74732,-1.36548,2.29985
-0.291399,-1.09281,0.456381,1.86912,1.90248,-1.36548,-2.34115
0.798083,0.514448,-2.07691,1.81187,-1.75439,-1.35815,2.30134
-0.27892,-1.09685,0.439363,1.87046,1.90783,-1.35815,-2.34356
0.802243,0.506882,-2.06923,1.81128,-1.76152,-1.35082,2.3029
-0.266242,-1.10076,0.422124,1.87178,1.91316,-1.35082,-2.34602
0.806339,0.499271,-2.06159,1.8107,-1.76869,-1.34349,2.30451
-0.253364,-1.10454,0.404667,1.87308,1.91848,-1.34349,-2.34854
0.810372,0.491615,-2.05401,1.81013,-1.77591,-1.33616,2.30617
-0.240289,-1.10818,0.386992,1.87434,1.92378,-1.33616,-2.35111
0.814344,0.483913,-2.04647,1.80957,-1.78319,-1.32883,2.3079
-0.227019,-1.11168,0.369102,1.87558,1.92906,-1.32883,-2.35373
0.818254,0.476166,-2.03898,1.80902,-1.79051,-1.3215,2.30968
-0.213557,-1.11504,0.350999,1.87678,1.93434,-1.3215,-2.35641
0.822104,0.468374,-2.03153,1.80848,-1.79789,-1.31417,2.31152
-0.199905,-1.11825,0.332684,1.87795,1.9396,-1.31417,-2.35915
0.825893,0.460537,-2.02412,1.80795,-1.80533,-1.30684,2.31343
-0.186066,-1.12131,0.314162,1.87908,1.94486,-1.30684,-2.36194
0.829624,0.452654,-2.01675,1.80743,-1.81282,-1.29951,2.31539
-0.172044,-1.12421,0.295436,1.88017,1.95012,-1.29951,-2.36479
0.833296,0.444726,-2.00942,1.80692,-1.82037,-1.29218,2.31742
-0.157844,-1.12696,0.27651,1.88122,1.95537,-1.29218,-2.3677
0.83691,0.436753,-2.00214,1.80641,-1.82798,-1.28485,2.31951
-0.14347,-1.12956,0.257389,1.88222,1.96062,-1.28485,-2.37067
0.840467,0.428734,-1.99488,1.80592,-1.83565,-1.27752,2.32167
-0.128928,-1.13198,0.238077,1.88318,1.96588,-1.27752,-2.3737
0.843967,0.420669,-1.98767,1.80544,-1.84338,-1.27019,2.32389
-0.114221,-1.13425,0.218581,1.88408,1.97115,-1.27019,-2.37679
0.847411,0.412558,-1.98049,1.80496,-1.85118,-1.26287,2.32618
-0.0993574,-1.13634,0.198906,1.88494,1.97643,-1.26287,-2.37995
0.850799,0.4044,-1.97334,1.8045,-1.85904,-1.25554,2.32853
-0.0843426,-1.13826,0.179059,1.88574,1.98173,-1.25554,-2.38317
0.854132,0.396196,-1.96623,1.80405,-1.86697,-1.24821,2.33096
-0.0691835,-1.14001,0.159046,1.88648,1.98705,-1.24821,-2.38645
0.857411,0.387944,-1.95915,1.8036,-1.87497,-1.24088,2.33346
-0.0538875,-1.14158,0.138877,1.88716,1.99239,-1.24088,-2.38981
0.860636,0.379645,-1.95209,1.80317,-1.88305,-1.23355,2.33603
-0.0384622,-1.14296,0.118558,1.88778,1.99776,-1.23355,-2.39323
0.863807,0.371299,-1.94507,1.80274,-1.89119,-1.22622,2.33867
-0.0229158,-1.14417,0.0980977,1.88834,2.00317,-1.22622,-2.39672
0.866925,0.362904,-1.93807,1.80233,-1.89941,-1.21889,2.34139
-0.00725679,-1.14518,0.0775056,1.88884,2.00861,-1.21889,-2.40029
0.869991,0.35446,-1.93109,1.80193,-1.90771,-1.21156,2.34419
0.008506,-1.14601,0.0567909,1.88927,2.01411,-1.21156,-2.40392
0.873005,0.345966,-1.92415,1.80153,-1.91608,-1.20423,2.34706
0.0243634,-1.14664,0.0359632,1.88963,2.01965,-1.20423,-2.40764
0.875968,0.337423,-1.91722,1.80115,-1.92454,-1.1969,2.35001
0.0403058,-1.14708,0.0150325,1.88992,2.02525,-1.1969,-2.41143
0.878879,0.328829,-1.91031,1.80077,-1.93308,-1.18957,2.35305
0.0563234,-1.14732,-0.00599079,1.89014,2.03091,-1.18957,-2.41529
0.881739,0.320183,-1.90343,1.80041,-1.94171,-1.18224,2.35617
0.0724062,-1.14736,-0.027096,1.8903,2.03664,-1.18224,-2.41924
0.884549,0.311486,-1.89656,1.80006,-1.95043,-1.17491,2.35937
0.0885438,-1.14721,-0.0482724,1.89038,2.04245,-1.17491,-2.42327
0.887309,0.302735,-1.88971,1.79971,-1.95924,-1.16758,2.36266
0.104726,-1.14684,-0.0695089,1.89039,2.04834,-1.16758,-2.42738
0.890019,0.29393,-1.88288,1.79938,-1.96814,-1.16025,2.36605
0.120942,-1.14627,-0.0907943,1.89032,2.05432,-1.16025,-2.43158
0.89268,0.285071,-1.87606,1.79906,-1.97714,-1.15292,2.36952
0.137181,-1.1455,-0.112117,1.89019,2.06039,-1.15292,-2.43587
0.895291,0.276156,-1.86925,1.79875,-1.98625,-1.14559,2.37309
0.153432,-1.14451,-0.133467,1.88998,2.06656,-1.14559,-2.44025
0.897854,0.267183,-1.86246,1.79844,-1.99545,-1.13827,2.37676
0.169685,-1.14332,-0.154832,1.8897,2.07285,-1.13827,-2.44472
0.900369,0.258153,-1.85567,1.79815,-2.00477,-1.13094,2.38052
0.185929,-1.14191,-0.1762,1.88935,2.07925,-1.13094,-2.44928
0.902834,0.249063,-1.84889,1.79787,-2.01419,-1.12361,2.38439
0.202153,-1.14029,-0.197562,1.88893,2.08578,-1.12361,-2.45395
0.905252,0.239913,-1.84212,1.7976,-2.02373,-1.11628,2.38836
0.218347,-1.13845,-0.218906,1.88844,2.09243,-1.11628,-2.45871
0.907622,0.2307,-1.83535,1.79734,-2.03339,-1.10895,2.39244
0.2345,-1.1364,-0.240221,1.88788,2.09923,-1.10895,-2.46358
0.909944,0.221424,-1.82858,1.79709,-2.04317,-1.10162,2.39663
0.250602,-1.13413,-0.261497,1.88725,2.10617,-1.10162,-2.46855
0.912218,0.212083,-1.82181,1.79685,-2.05308,-1.09429,2.40093
0.266644,-1.13164,-0.282725,1.88656,2.11326,-1.09429,-2.47363
0.914444,0.202674,-1.81504,1.79663,-2.06312,-1.08696,2.40536
0.282615,-1.12893,-0.303893,1.88581,2.12052,-1.08696,-2.47882
0.916623,0.193197,-1.80827,1.79641,-2.07329,-1.07963,2.4099
0.298507,-1.126,-0.324995,1.88499,2.12795,-1.07963,-2.48413
0.918754,0.183649,-1.80149,1.79621,-2.08361,-1.0723,2.41457
0.31431,-1.12285,-0.346019,1.88411,2.13555,-1.0723,-2.48956
0.920838,0.174028,-1.79471,1.79601,-2.09407,-1.06497,2.41936
0.330015,-1.11948,-0.36696,1.88318,2.14334,-1.06497,-2.49511
0.922874,0.164331,-1.78791,1.79583,-2.10469,-1.05764,2.42429
0.345616,-1.11588,-0.387808,1.88219,2.15132,-1.05764,-2.50079
0.924862,0.154557,-1.78111,1.79566,-2.11546,-1.05031,2.42936
0.361103,-1.11206,-0.408556,1.88115,2.1595,-1.05031,-2.5066
0.926802,0.144703,-1.77428,1.7955,-2.1264,-1.04298,2.43457
0.37647,-1.10801,-0.429198,1.88006,2.16789,-1.04298,-2.51255
0.928694,0.134766,-1.76744,1.79535,-2.13751,-1.03565,2.43993
0.391711,-1.10374,-0.449729,1.87892,2.1765,-1.03565,-2.51864
0.930538,0.124743,-1.76058,1.79521,-2.14879,-1.02832,2.44544
0.406818,-1.09924,-0.470143,1.87774,2.18533,-1.02832,-2.52487
0.932333,0.114631,-1.7537,1.79509,-2.16026,-1.021,2.45111
0.421785,-1.09451,-0.490436,1.87651,2.19441,-1.021,-2.53126
0.934079,0.104426,-1.74679,1.79498,-2.17193,-1.01367,2.45694
0.436609,-1.08956,-0.510603,1.87525,2.20372,-1.01367,-2.5378
0.935775,0.0941245,-1.73986,1.79488,-2.18379,-1.00634,2.46294
0.451283,-1.08437,-0.530641,1.87394,2.21329,-1.00634,-2.5445
0.937422,0.0837228,-1.73289,1.79479,-2.19587,-0.999007,2.46912
0.465805,-1.07895,-0.55055,1.8726,2.22313,-0.999007,-2.55138
0.939018,0.0732163,-1.72588,1.79471,-2.20816,-0.991677,2.47549
0.48017,-1.07329,-0.570325,1.87123,2.23324,-0.991677,-2.55843
0.940563,0.0626005,-1.71883,1.79465,-2.22069,-0.984348,2.48205
0.494374,-1.06739,-0.589968,1.86983,2.24364,-0.984348,-2.56567
0.942056,0.0518702,-1.71174,1.7946,-2.23346,-0.977019,2.48881
0.508417,-1.06126,-0.609477,1.8684,2.25433,-0.977019,-2.5731
0.522295,-1.05488,-0.628854,1.86695,2.26533,-0.969689,-2.58073
0.943496,0.0410199,-1.70461,1.79457,-2.24649,-0.969689,2.49578
0.536007,-1.04826,-0.648101,1.86547,2.27666,-0.96236,-2.58857
0.944883,0.0300437,-1.69741,1.79455,-2.25978,-0.96236,2.50297
0.549552,-1.04138,-0.667218,1.86398,2.28832,-0.95503,-2.59664
0.946215,0.0189349,-1.69016,1.79454,-2.27335,-0.95503,2.5104
0.56293,-1.03425,-0.686211,1.86246,2.30034,-0.947701,-2.60494
0.947491,0.00768637,-1.68285,1.79455,-2.28722,-0.947701,2.51806
0.948711,-0.00370967,-1.67547,1.79457,-2.30141,-0.940372,2.52598
0.576142,-1.02686,-0.705083,1.86093,2.31272,-0.940372,-2.61349
0.949871,-0.0152619,-1.66801,1.79461,-2.31592,-0.933042,2.53417
0.589186,-1.0192,-0.723839,1.85938,2.3255,-0.933042,-2.6223
0.602066,-1.01127,-0.742485,1.85783,2.33867,-0.925713,-2.63138
0.614783,-1.00306,-0.761029,1.85626,2.35227,-0.918383,-2.64075
0.627339,-0.994559,-0.77948,1.85468,2.36633,-0.911054,-2.65043
0.639737,-0.985756,-0.797847,1.85309,2.38086,-0.903725,-2.66044
0.651981,-0.976639,-0.816141,1.8515,2.39589,-0.896395,-2.6708
0.664075,-0.967195,-0.834375,1.84989,2.41146,-0.889066,-2.68154
0.676025,-0.957408,-0.852564,1.84829,2.42761,-0.881736,-2.69268
0.687836,-0.947258,-0.870724,1.84668,2.44437,-0.874407,-2.70426
0.699515,-0.936725,-0.888875,1.84506,2.46179,-0.867078,-2.71631
0.71107,-0.925782,-0.90704,1.84345,2.47993,-0.859748,-2.72887
0.72251,-0.914398,-0.925244,1.84182,2.49885,-0.852419,-2.74199
0.733846,-0.902538,-0.943516,1.84019,2.51862,-0.845089,-2.75572
0.745091,-0.890158,-0.961894,1.83856,2.53933,-0.83776,-2.77014
0.756259,-0.877206,-0.980419,1.83692,2.56109,-0.830431,-2.78531
0.767369,-0.863615,-0.999144,1.83526,2.58402,-0.823101,-2.80134
0.778442,-0.849305,-1.01813,1.8336,2.60827,-0.815772,-2.81833
0.789506,-0.834173,-1.03747,1.83191,2.63405,-0.808442,-2.83643
0.800595,-0.818083,-1.05725,1.83021,2.66161,-0.801113,-2.85584
0.811757,-0.800855,-1.07762,1.82847,2.69128,-0.793784,-2.87679
0.95523,-0.289974,-1.4928,1.79954,-2.70552,-0.793784,2.77866
0.823055,-0.782237,-1.09876,1.82668,2.72354,-0.786454,-2.89963
0.95385,-0.310791,-1.47927,1.8002,-2.73862,-0.786454,2.80107
0.834582,-0.761863,-1.12097,1.82484,2.75906,-0.779125,-2.92485
0.952049,-0.333303,-1.46451,1.80095,-2.77494,-0.779125,2.82586
0.846483,-0.739157,-1.14468,1.8229,2.7989,-0.771795,-2.95322
0.949687,-0.358087,-1.44809,1.80183,-2.81555,-0.771795,2.8538
0.859006,-0.713129,-1.17064,1.82082,2.84485,-0.764466,-2.98603
0.946517,-0.386134,-1.42926,1.80288,-2.86224,-0.764466,2.88621
0.87266,-0.681766,-1.20039,1.81849,2.90056,-0.757137,-3.02592
0.942034,-0.419459,-1.40648,1.80422,-2.91865,-0.757137,2.92569
0.886244,-0.646738,-1.2238,1.7635,-0.175252,0.804026,0.0687087
0.870087,-0.687945,-1.18327,1.76717,-0.247489,0.811355,0.120684
0.942938,-0.413288,-1.42128,1.75196,0.2294,0.811355,-0.220615
0.856271,-0.71902,-1.15106,1.77031,-0.30169,0.818684,0.159605
0.94725,-0.380158,-1.4463,1.75141,0.284438,0.818684,-0.25913
0.843524,-0.744975,-1.1229,1.7732,-0.3467,0.826014,0.191854
0.950309,-0.35209,-1.4671,1.75112,0.330319,0.826014,-0.290964
0.831375,-0.767683,-1.09722,1.77593,-0.385851,0.833343,0.219837
0.952583,-0.327207,-1.48527,1.751,0.370373,0.833343,-0.318523
0.819585,-0.788091,-1.0732,1.77855,-0.42083,0.840673,0.244777
0.954308,-0.304562,-1.50162,1.75099,0.40629,0.840673,-0.343032
0.808015,-0.806754,-1.05038,1.7811,-0.452634,0.848002,0.2674
0.955619,-0.283599,-1.5166,1.75107,0.439069,0.848002,-0.365214
0.796575,-0.824029,-1.02845,1.78359,-0.481912,0.855331,0.288177
0.785203,-0.840163,-1.0072,1.78604,-0.509114,0.862661,0.307436
0.773851,-0.855336,-0.986487,1.78844,-0.534566,0.86999,0.325419
0.762487,-0.869679,-0.966186,1.79082,-0.558515,0.87732,0.342305
0.751083,-0.883295,-0.94621,1.79317,-0.581154,0.884649,0.358238
0.739616,-0.896267,-0.926489,1.79549,-0.602636,0.891978,0.373329
0.728071,-0.908657,-0.906963,1.7978,-0.623083,0.899308,0.387671
0.71643,-0.920519,-0.887587,1.80008,-0.642599,0.906637,0.401341
0.704684,-0.931897,-0.868319,1.80235,-0.661268,0.913967,0.414402
0.692819,-0.942827,-0.849126,1.8046,-0.679164,0.921296,0.426908
0.680829,-0.953339,-0.82998,1.80684,-0.696348,0.928625,0.438906
0.668705,-0.96346,-0.810855,1.80905,-0.712873,0.935955,0.450437
0.955713,-0.0935111,-1.64821,1.75504,0.714182,0.935955,-0.542297
0.65644,-0.97321,-0.79173,1.81125,-0.728786,0.943284,0.461536
0.954976,-0.0804296,-1.65713,1.75551,0.731633,0.943284,-0.552841
0.644028,-0.98261,-0.772586,1.81344,-0.744127,0.950614,0.472233
0.95416,-0.0676032,-1.66587,1.75599,0.748563,0.950614,-0.562976
0.631466,-0.991676,-0.753406,1.8156,-0.758934,0.957943,0.482557
0.953269,-0.055013,-1.67446,1.75649,0.765009,0.957943,-0.572728
0.618748,-1.00042,-0.734178,1.81774,-0.773237,0.965272,0.492532
0.952305,-0.0426425,-1.6829,1.75699,0.781005,0.965272,-0.582122
0.605872,-1.00886,-0.714887,1.81987,-0.787066,0.972602,0.502179
0.951274,-0.0304769,-1.6912,1.75751,0.796578,0.972602,-0.59118
0.592835,-1.017,-0.695523,1.82197,-0.800446,0.979931,0.511519
0.950176,-0.0185028,-1.69939,1.75804,0.811757,0.979931,-0.599922
0.579635,-1.02485,-0.676077,1.82405,-0.813401,0.987261,0.52057
0.949015,-0.00670863,-1.70746,1.75858,0.826564,0.987261,-0.608366
0.566269,-1.03242,-0.656541,1.8261,-0.825951,0.99459,0.529347
0.947792,0.00491647,-1.71543,1.75913,0.841021,0.99459,-0.616528
0.552738,-1.03972,-0.636908,1.82813,-0.838117,1.00192,0.537865
0.94651,0.0163821,-1.72331,1.75969,0.855149,1.00192,-0.624422
0.539042,-1.04675,-0.617172,1.83013,-0.849916,1.00925,0.546138
0.94517,0.027697,-1.7311,1.76025,0.868964,1.00925,-0.632062
0.52518,-1.05352,-0.597329,1.83209,-0.861365,1.01658,0.554177
0.943774,0.0388691,-1.73881,1.76083,0.882483,1.01658,-0.639462
0.511153,-1.06003,-0.577375,1.83403,-0.872478,1.02391,0.561995
0.942322,0.0499058,-1.74645,1.76141,0.895723,1.02391,-0.646631
0.496963,-1.06629,-0.557307,1.83593,-0.88327,1.03124,0.569602
0.940817,0.0608135,-1.75402,1.76201,0.908695,1.03124,-0.653581
0.939258,0.0715986,-1.76153,1.76261,0.921415,1.03857,-0.660322
0.482611,-1.0723,-0.537123,1.83779,-0.893755,1.03857,0.577006
0.937648,0.0822664,-1.76899,1.76322,0.933892,1.0459,-0.666862
0.468102,-1.07806,-0.516823,1.83961,-0.903944,1.0459,0.584218
0.935986,0.0928223,-1.77639,1.76384,0.946139,1.05323,-0.67321
0.453436,-1.08358,-0.496408,1.84139,-0.91385,1.05323,0.591245
0.934273,0.103271,-1.78374,1.76446,0.958166,1.06055,-0.679373
0.438619,-1.08886,-0.475877,1.84313,-0.923484,1.06055,0.598095
0.93251,0.113617,-1.79105,1.7651,0.969983,1.06788,-0.68536
0.423654,-1.09391,-0.455232,1.84482,-0.932856,1.06788,0.604776
0.930697,0.123864,-1.79832,1.76574,0.981598,1.07521,-0.691176
0.408546,-1.09871,-0.434476,1.84646,-0.941978,1.07521,0.611293
0.928835,0.134016,-1.80556,1.76639,0.99302,1.08254,-0.696829
0.3933,-1.10328,-0.413613,1.84805,-0.950858,1.08254,0.617653
0.926924,0.144077,-1.81276,1.76704,1.00426,1.08987,-0.702324
0.377923,-1.10762,-0.392646,1.84959,-0.959507,1.08987,0.623861
0.924964,0.154049,-1.81993,1.7677,1.01532,1.0972,-0.707667
0.36242,-1.11172,-0.37158,1.85106,-0.967933,1.0972,0.629924
0.922956,0.163937,-1.82708,1.76838,1.0262,1.10453,-0.712863
0.346799,-1.1156,-0.35042,1.85248,-0.976147,1.10453,0.635846
0.9209,0.173742,-1.8342,1.76905,1.03693,1.11186,-0.717917
0.331067,-1.11924,-0.329173,1.85384,-0.984156,1.11186,0.641633
0.918795,0.183467,-1.84131,1.76974,1.0475,1.11919,-0.722834
0.315231,-1.12266,-0.307845,1.85514,-0.99197,1.11919,0.647288
0.916642,0.193115,-1.84839,1.77043,1.05791,1.12652,-0.727619
0.299301,-1.12585,-0.286444,1.85637,-0.999596,1.12652,0.652816
0.914442,0.202688,-1.85547,1.77113,1.06818,1.13385,-0.732275
0.283283,-1.12881,-0.264978,1.85753,-1.00704,1.13385,0.65822
0.912193,0.212189,-1.86252,1.77184,1.0783,1.14118,-0.736806
0.267189,-1.13155,-0.243455,1.85863,-1.01432,1.14118,0.663506
0.909896,0.221619,-1.86957,1.77255,1.08829,1.14851,-0.741217
0.251026,-1.13406,-0.221883,1.85965,-1.02144,1.14851,0.668675
0.907552,0.23098,-1.87661,1.77327,1.09815,1.15584,-0.745511
0.234806,-1.13636,-0.200273,1.8606,-1.0284,1.15584,0.673733
0.905159,0.240274,-1.88365,1.774,1.10789,1.16317,-0.749691
0.218537,-1.13843,-0.178635,1.86148,-1.03521,1.16317,0.678681
0.902717,0.249503,-1.89068,1.77473,1.11749,1.1705,-0.75376
0.20223,-1.14028,-0.156977,1.86228,-1.04189,1.1705,0.683524
0.900228,0.258667,-1.89771,1.77548,1.12698,1.17782,-0.757722
0.185895,-1.14191,-0.135312,1.86301,-1.04843,1.17782,0.688263
0.897689,0.26777,-1.90474,1.77623,1.13636,1.18515,-0.76158
0.169544,-1.14333,-0.113648,1.86367,-1.05485,1.18515,0.692902
0.895102,0.276811,-1.91177,1.77698,1.14562,1.19248,-0.765336
0.153187,-1.14453,-0.091998,1.86424,-1.06116,1.19248,0.697444
0.892466,0.285793,-1.91881,1.77775,1.15478,1.19981,-0.768992
0.136834,-1.14552,-0.070372,1.86474,-1.06736,1.19981,0.701891
0.889781,0.294716,-1.92585,1.77852,1.16383,1.20714,-0.772553
0.120496,-1.14629,-0.0487812,1.86516,-1.07346,1.20714,0.706245
0.887045,0.303581,-1.9329,1.77929,1.17278,1.21447,-0.776019
0.104185,-1.14686,-0.0272367,1.86551,-1.07946,1.21447,0.710509
0.88426,0.31239,-1.93996,1.78008,1.18164,1.2218,-0.779393
0.0879114,-1.14722,-0.00574959,1.86578,-1.08538,1.2218,0.714685
0.881425,0.321144,-1.94703,1.78087,1.19039,1.22913,-0.782678
0.0716851,-1.14737,0.0156693,1.86597,-1.09121,1.22913,0.718776
0.878539,0.329843,-1.95412,1.78167,1.19906,1.23646,-0.785875
0.0555169,-1.14732,0.037009,1.86609,-1.09698,1.23646,0.722782
0.875602,0.338489,-1.96122,1.78248,1.20763,1.24379,-0.788987
0.0394171,-1.14706,0.058259,1.86613,-1.10267,1.24379,0.726708
0.872614,0.347081,-1.96833,1.78329,1.21612,1.25112,-0.792015
0.0233959,-1.14661,0.0794087,1.8661,-1.10831,1.25112,0.730553
0.869574,0.355622,-1.97546,1.78411,1.22453,1.25845,-0.794962
0.00746312,-1.14596,0.100448,1.866,-1.11389,1.25845,0.734321
0.866482,0.364111,-1.98261,1.78494,1.23285,1.26578,-0.797828
-0.00837183,-1.14512,0.121367,1.86583,-1.11943,1.26578,0.738012
0.863337,0.372549,-1.98979,1.78577,1.24109,1.27311,-0.800617
-0.0240997,-1.14408,0.142157,1.8656,-1.12492,1.27311,0.741629
0.860139,0.380936,-1.99698,1.78662,1.24925,1.28044,-0.803329
-0.0397116,-1.14286,0.162808,1.86529,-1.13037,1.28044,0.745174
0.856888,0.389274,-2.0042,1.78747,1.25734,1.28777,-0.805965
-0.0551992,-1.14145,0.183311,1.86492,-1.13579,1.28777,0.748647
0.853582,0.397563,-2.01144,1.78832,1.26536,1.2951,-0.808529
-0.0705543,-1.13986,0.203658,1.86449,-1.14119,1.2951,0.752051
0.850222,0.405802,-2.01871,1.78919,1.2733,1.30242,-0.81102
-0.0857692,-1.13809,0.223842,1.864,-1.14656,1.30242,0.755386
0.846807,0.413994,-2.02601,1.79006,1.28117,1.30975,-0.81344
-0.100837,-1.13614,0.243855,1.86346,-1.15191,1.30975,0.758655
0.843336,0.422137,-2.03334,1.79094,1.28898,1.31708,-0.815792
-0.11575,-1.13402,0.263689,1.86286,-1.15725,1.31708,0.761858
0.839809,0.430232,-2.0407,1.79182,1.29672,1.32441,-0.818075
-0.130503,-1.13173,0.28334,1.8622,-1.16258,1.32441,0.764998
0.836225,0.43828,-2.04809,1.79272,1.30439,1.33174,-0.820291
-0.145089,-1.12927,0.3028,1.8615,-1.1679,1.33174,0.768074
0.832583,0.44628,-2.05551,1.79362,1.312,1.33907,-0.822441
-0.159504,-1.12665,0.322065,1.86075,-1.17322,1.33907,0.771089
0.828883,0.454234,-2.06297,1.79453,1.31955,1.3464,-0.824527
-0.173742,-1.12387,0.341129,1.85995,-1.17854,1.3464,0.774044
0.825125,0.46214,-2.07046,1.79544,1.32704,1.35373,-0.826549
-0.187798,-1.12093,0.359989,1.85911,-1.18387,1.35373,0.776939
0.821308,0.47,-2.078,1.79636,1.33447,1.36106,-0.828509
-0.201669,-1.11784,0.378639,1.85824,-1.1892,1.36106,0.779775
0.81743,0.477813,-2.08557,1.79729,1.34185,1.36839,-0.830408
-0.215351,-1.1146,0.397078,1.85732,-1.19454,1.36839,0.782555
0.813492,0.485579,-2.09318,1.79823,1.34917,1.37572,-0.832246
-0.22884,-1.11121,0.415301,1.85638,-1.19989,1.37572,0.785277
0.809492,0.493299,-2.10084,1.79918,1.35643,1.38305,-0.834024
-0.242134,-1.10768,0.433306,1.8554,-1.20525,1.38305,0.787945
0.805431,0.500973,-2.10853,1.80013,1.36364,1.39038,-0.835744
-0.255231,-1.104,0.451092,1.85439,-1.21063,1.39038,0.790558
0.801307,0.5086,-2.11628,1.80109,1.3708,1.39771,-0.837406
-0.268128,-1.10019,0.468657,1.85336,-1.21602,1.39771,0.793117
0.797119,0.51618,-2.12406,1.80205,1.37791,1.40504,-0.839011
-0.280824,-1.09625,0.485998,1.8523,-1.22144,1.40504,0.795622
0.792867,0.523713,-2.1319,1.80303,1.38497,1.41237,-0.84056
-0.293318,-1.09218,0.503117,1.85122,-1.22687,1.41237,0.798076
0.78855,0.5312,-2.13978,1.80401,1.39198,1.4197,-0.842054
-0.305608,-1.08797,0.520011,1.85012,-1.23232,1.4197,0.800478
0.784168,0.53864,-2.14772,1.80499,1.39894,1.42702,-0.843493
-0.317694,-1.08365,0.536682,1.84901,-1.2378,1.42702,0.802829
0.779719,0.546033,-2.1557,1.80599,1.40585,1.43435,-0.844877
-0.329575,-1.0792,0.553128,1.84788,-1.24329,1.43435,0.80513
0.775202,0.553378,-2.16374,1.80699,1.41272,1.44168,-0.846209
-0.341253,-1.07463,0.569351,1.84674,-1.24882,1.44168,0.807381
0.770618,0.560677,-2.17183,1.808,1.41955,1.44901,-0.847488
-0.352726,-1.06996,0.585352,1.84558,-1.25436,1.44901,0.809583
0.765965,0.567927,-2.17997,1.80902,1.42633,1.45634,-0.848715
-0.363997,-1.06516,0.601132,1.84442,-1.25993,1.45634,0.811736
0.761242,0.575129,-2.18818,1.81004,1.43307,1.46367,-0.84989
-0.375064,-1.06026,0.616691,1.84325,-1.26553,1.46367,0.813841
0.756449,0.582283,-2.19644,1.81107,1.43976,1.471,-0.851015
-0.38593,-1.05526,0.632032,1.84208,-1.27115,1.471,0.815898
0.751584,0.589389,-2.20476,1.81211,1.44642,1.47833,-0.852089
-0.396595,-1.05015,0.647157,1.8409,-1.2768,1.47833,0.817908
0.746648,0.596445,-2.21314,1.81315,1.45304,1.48566,-0.853114
-0.407061,-1.04494,0.662067,1.83972,-1.28248,1.48566,0.819871
0.741638,0.603452,-2.22158,1.8142,1.45961,1.49299,-0.854089
-0.41733,-1.03963,0.676764,1.83854,-1.28818,1.49299,0.821788
0.736554,0.610409,-2.23008,1.81525,1.46615,1.50032,-0.855016
-0.427403,-1.03423,0.691252,1.83736,-1.2939,1.50032,0.823658
0.731396,0.617317,-2.23865,1.81632,1.47265,1.50765,-0.855894
-0.437282,-1.02874,0.705532,1.83619,-1.29966,1.50765,0.825482
0.726162,0.624173,-2.24729,1.81739,1.47911,1.51498,-0.856724
-0.44697,-1.02315,0.719606,1.83501,-1.30544,1.51498,0.827261
0.720852,0.630979,-2.25599,1.81846,1.48554,1.52231,-0.857507
-0.456468,-1.01748,0.733479,1.83385,-1.31124,1.52231,0.828995
0.715464,0.637732,-2.26476,1.81954,1.49193,1.52964,-0.858243
-0.465778,-1.01173,0.747152,1.83268,-1.31708,1.52964,0.830683
0.709999,0.644434,-2.2736,1.82063,1.49828,1.53697,-0.858932
-0.474903,-1.00589,0.760629,1.83153,-1.32294,1.53697,0.832327
0.704454,0.651083,-2.28251,1.82172,1.5046,1.54429,-0.859574
-0.483846,-0.99997,0.773912,1.83038,-1.32882,1.54429,0.833926
0.698829,0.657679,-2.29149,1.82282,1.51089,1.55162,-0.860171
-0.492608,-0.993975,0.787006,1.82924,-1.33474,1.55162,0.835481
0.693124,0.664221,-2.30055,1.82392,1.51714,1.55895,-0.860722
-0.501193,-0.987904,0.799912,1.82811,-1.34067,1.55895,0.836991
0.687337,0.670709,-2.30968,1.82503,1.52336,1.56628,-0.861228
-0.509602,-0.981759,0.812633,1.827,-1.34664,1.56628,0.838458
0.681467,0.677141,-2.31889,1.82614,1.52955,1.57361,-0.861688
-0.51784,-0.975543,0.825175,1.82589,-1.35262,1.57361,0.83988
0.675514,0.683518,-2.32818,1.82726,1.53571,1.58094,-0.862104
-0.525907,-0.969258,0.837538,1.82479,-1.35864,1.58094,0.841258
0.669477,0.689838,-2.33755,1.82838,1.54183,1.58827,-0.862475
-0.533808,-0.962906,0.849728,1.82371,-1.36468,1.58827,0.842593
0.663354,0.6961,-2.34699,1.82951,1.54793,1.5956,-0.862802
-0.541544,-0.956488,0.861746,1.82264,-1.37074,1.5956,0.843884
0.657146,0.702305,-2.35652,1.83064,1.554,1.60293,-0.863085
-0.549119,-0.950006,0.873597,1.82158,-1.37683,1.60293,0.845131
0.65085,0.708451,-2.36613,1.83177,1.56004,1.61026,-0.863324
-0.556534,-0.943463,0.885283,1.82054,-1.38295,1.61026,0.846334
0.644467,0.714538,-2.37582,1.83291,1.56604,1.61759,-0.863519
-0.563794,-0.936859,0.896809,1.81951,-1.38908,1.61759,0.847494
-0.5709,-0.930197,0.908176,1.81849,-1.39525,1.62492,0.848611
0.637996,0.720564,-2.3856,1.83405,1.57203,1.62492,-0.86367
-0.577855,-0.923478,0.919389,1.81749,-1.40143,1.63225,0.849684
0.631435,0.726529,-2.39546,1.83519,1.57798,1.63225,-0.863779
-0.584663,-0.916703,0.930451,1.81651,-1.40765,1.63958,0.850713
0.624784,0.732432,-2.40542,1.83634,1.58391,1.63958,-0.863843
-0.591325,-0.909874,0.941364,1.81554,-1.41388,1.64691,0.851698
0.618042,0.738272,-2.41546,1.83749,1.58981,1.64691,-0.863865
-0.597845,-0.902993,0.952132,1.81459,-1.42014,1.65424,0.85264
0.611209,0.744048,-2.42559,1.83864,1.59568,1.65424,-0.863844
0.604283,0.749759,-2.43581,1.83979,1.60153,1.66157,-0.863779
-0.604224,-0.896061,0.962759,1.81365,-1.42642,1.66157,0.853538
0.597265,0.755404,-2.44612,1.84094,1.60735,1.66889,-0.863672
-0.610466,-0.88908,0.973247,1.81273,-1.43273,1.66889,0.854393
0.590152,0.760982,-2.45653,1.84209,1.61315,1.67622,-0.863522
-0.616574,-0.882049,0.983599,1.81182,-1.43906,1.67622,0.855203
-0.622549,-0.874972,0.993819,1.81093,-1.44542,1.68355,0.85597
0.582945,0.766493,-2.46703,1.84325,1.61893,1.68355,-0.863329
-0.628394,-0.867848,1.00391,1.81006,-1.4518,1.69088,0.856692
0.575643,0.771934,-2.47762,1.8444,1.62468,1.69088,-0.863093
-0.634112,-0.86068,1.01387,1.8092,-1.4582,1.69821,0.85737
0.568245,0.777306,-2.48832,1.84555,1.63041,1.69821,-0.862814
-0.639705,-0.853468,1.02371,1.80836,-1.46463,1.70554,0.858003
0.560751,0.782607,-2.4991,1.8467,1.63612,1.70554,-0.862493
-0.645175,-0.846214,1.03343,1.80754,-1.47108,1.71287,0.858592
0.55316,0.787835,-2.50999,1.84785,1.64181,1.71287,-0.862129
-0.650526,-0.838917,1.04303,1.80673,-1.47756,1.7202,0.859137
0.545472,0.792991,-2.52098,1.849,1.64748,1.7202,-0.861721
-0.655758,-0.83158,1.05252,1.80594,-1.48406,1.72753,0.859636
0.537686,0.798072,-2.53206,1.85014,1.65312,1.72753,-0.861271
-0.660875,-0.824204,1.06189,1.80517,-1.49059,1.73486,0.86009
0.529802,0.803077,-2.54324,1.85128,1.65875,1.73486,-0.860778
-0.665879,-0.816788,1.07116,1.80441,-1.49714,1.74219,0.860499
0.52182,0.808006,-2.55453,1.85242,1.66436,1.74219,-0.860241
-0.670771,-0.809335,1.08031,1.80367,-1.50371,1.74952,0.860862
0.513739,0.812856,-2.56592,1.85355,1.66995,1.74952,-0.859662
-0.675554,-0.801844,1.08937,1.80295,-1.51032,1.75685,0.86118
0.505558,0.817628,-2.57741,1.85468,1.67552,1.75685,-0.859038
-0.680231,-0.794317,1.09832,1.80224,-1.51695,1.76418,0.861451
0.497279,0.822318,-2.589,1.8558,1.68107,1.76418,-0.858372
-0.684803,-0.786755,1.10717,1.80155,-1.5236,1.77151,0.861676
0.4889,0.826928,-2.60069,1.85691,1.68661,1.77151,-0.857661
-0.689271,-0.779157,1.11592,1.80087,-1.53028,1.77884,0.861854
0.480421,0.831454,-2.61249,1.85802,1.69214,1.77884,-0.856907
-0.693639,-0.771526,1.12458,1.80021,-1.53699,1.78617,0.861986
0.471843,0.835896,-2.62439,1.85912,1.69765,1.78617,-0.856108
-0.697908,-0.763861,1.13315,1.79957,-1.54373,1.79349,0.86207
0.463165,0.840252,-2.6364,1.86021,1.70314,1.79349,-0.855265
-0.702079,-0.756163,1.14163,1.79894,-1.55049,1.80082,0.862106
0.454388,0.844521,-2.64851,1.86129,1.70863,1.80082,-0.854377
-0.706155,-0.748433,1.15002,1.79833,-1.55728,1.80815,0.862094
0.445512,0.848702,-2.66072,1.86236,1.7141,1.80815,-0.853445
-0.710138,-0.74067,1.15832,1.79773,-1.56411,1.81548,0.862034
0.436537,0.852793,-2.67304,1.86342,1.71956,1.81548,-0.852467
-0.714029,-0.732877,1.16655,1.79716,-1.57096,1.82281,0.861925
0.427463,0.856794,-2.68546,1.86447,1.72501,1.82281,-0.851443
-0.717829,-0.725053,1.17469,1.79659,-1.57784,1.83014,0.861767
0.418291,0.860701,-2.69799,1.86551,1.73045,1.83014,-0.850374
-0.721541,-0.717199,1.18275,1.79604,-1.58475,1.83747,0.861559
0.409021,0.864515,-2.71062,1.86653,1.73589,1.83747,-0.849258
-0.725166,-0.709314,1.19074,1.79551,-1.59169,1.8448,0.861301
0.399654,0.868234,-2.72336,1.86754,1.74132,1.8448,-0.848096
-0.728706,-0.701401,1.19865,1.79499,-1.59867,1.85213,0.860992
0.390191,0.871856,-2.73619,1.86854,1.74674,1.85213,-0.846887
-0.732163,-0.693458,1.20649,1.79449,-1.60568,1.85946,0.860632
0.380631,0.87538,-2.74913,1.86952,1.75216,1.85946,-0.84563
-0.735536,-0.685487,1.21426,1.794,-1.61272,1.86679,0.860221
0.370977,0.878805,-2.76217,1.87048,1.75757,1.86679,-0.844325
-0.738829,-0.677487,1.22196,1.79353,-1.6198,1.87412,0.859757
0.361229,0.882128,-2.77532,1.87142,1.76299,1.87412,-0.842972
-0.742043,-0.669459,1.22959,1.79307,-1.62691,1.88145,0.859241
0.351388,0.885349,-2.78856,1.87235,1.7684,1.88145,-0.84157
-0.745178,-0.661403,1.23716,1.79263,-1.63405,1.88878,0.858671
0.341455,0.888467,-2.8019,1.87326,1.77382,1.88878,-0.840118
-0.748237,-0.65332,1.24467,1.7922,-1.64124,1.89611,0.858048
0.331432,0.891479,-2.81534,1.87414,1.77924,1.89611,-0.838617
-0.75122,-0.645209,1.25211,1.79179,-1.64846,1.90344,0.857369
0.321319,0.894385,-2.82888,1.87501,1.78467,1.90344,-0.837064
-0.754129,-0.637071,1.2595,1.79139,-1.65572,1.91076,0.856636
0.311119,0.897182,-2.84251,1.87586,1.7901,1.91076,-0.835461
-0.756965,-0.628906,1.26682,1.791,-1.66302,1.91809,0.855846
0.300832,0.89987,-2.85623,1.87668,1.79554,1.91809,-0.833806
-0.759729,-0.620715,1.2741,1.79063,-1.67036,1.92542,0.855
0.290461,0.902447,-2.87005,1.87748,1.80099,1.92542,-0.832098
-0.762422,-0.612496,1.28132,1.79027,-1.67774,1.93275,0.854096
0.280006,0.904912,-2.88396,1.87825,1.80645,1.93275,-0.830336
-0.765046,-0.604251,1.28848,1.78993,-1.68517,1.94008,0.853134
0.269471,0.907263,-2.89796,1.879,1.81192,1.94008,-0.828521
-0.767601,-0.595979,1.2956,1.7896,-1.69263,1.94741,0.852113
0.258857,0.909498,-2.91205,1.87972,1.81741,1.94741,-0.826651
-0.770089,-0.587681,1.30266,1.78928,-1.70015,1.95474,0.851032
0.248165,0.911618,-2.92622,1.88042,1.82292,1.95474,-0.824725
-0.77251,-0.579356,1.30968,1.78898,-1.70771,1.96207,0.84989
0.237399,0.913619,-2.94047,1.88109,1.82845,1.96207,-0.822743
-0.774866,-0.571005,1.31666,1.78869,-1.71532,1.9694,0.848687
0.22656,0.915501,-2.95481,1.88173,1.834,1.9694,-0.820703
-0.777157,-0.562627,1.32359,1.78842,-1.72297,1.97673,0.84742
0.215651,0.917262,-2.96922,1.88234,1.83958,1.97673,-0.818605
-0.779385,-0.554223,1.33047,1.78816,-1.73068,1.98406,0.84609
0.204673,0.918902,-2.98371,1.88292,1.84519,1.98406,-0.816448
-0.78155,-0.545792,1.33732,1.78791,-1.73844,1.99139,0.844696
0.193631,0.920418,-2.99828,1.88347,1.85082,1.99139,-0.81423
-0.783652,-0.537333,1.34412,1.78767,-1.74625,1.99872,0.843235
0.182525,0.921809,-3.01291,1.88399,1.85649,1.99872,-0.811952
-0.785694,-0.528848,1.35089,1.78745,-1.75412,2.00605,0.841708
0.17136,0.923075,-3.02762,1.88448,1.86219,2.00605,-0.80961
-0.787675,-0.520336,1.35762,1.78725,-1.76205,2.01338,0.840112
0.160137,0.924213,-3.04238,1.88493,1.86793,2.01338,-0.807205
-0.789597,-0.511796,1.36432,1.78705,-1.77003,2.02071,0.838448
-0.79146,-0.503229,1.37098,1.78687,-1.77807,2.02804,0.836712
-0.793264,-0.494634,1.37761,1.7867,-1.78617,2.03536,0.834905
-0.795011,-0.486011,1.38421,1.78654,-1.79434,2.04269,0.833024
-0.796701,-0.477359,1.39078,1.7864,-1.80257,2.05002,0.831069
-0.798335,-0.468679,1.39732,1.78627,-1.81087,2.05735,0.829037
-0.799912,-0.459969,1.40384,1.78615,-1.81924,2.06468,0.826928
-0.801435,-0.45123,1.41033,1.78604,-1.82769,2.07201,0.824739
-0.802902,-0.44246,1.4168,1.78595,-1.8362,2.07934,0.822469
