-1.6315 -0.5246 1.3945 1.5481 -1.0364 1.4299 0.6159
-1.6215 -0.5717 1.3487 1.5492 -0.9845 1.3964 0.5947
-1.6115 -0.6100 1.3097 1.5504 -0.9411 1.3696 0.5759
-1.6015 -0.6428 1.2751 1.5517 -0.9030 1.3472 0.5586
-1.5915 -0.6716 1.2435 1.5531 -0.8691 1.3277 0.5426
-1.5815 -0.6973 1.1806 1.5903 2.3023 -1.2618 -2.6099
-1.5715 -0.7206 1.1539 1.5930 2.3307 -1.2463 -2.6243
-1.5615 -0.7419 1.1604 1.5577 -0.7829 1.2815 0.4991
-1.5515 -0.7615 1.1355 1.5593 -0.7579 1.2690 0.4859
-1.5414 -0.7797 1.1115 1.5608 -0.7342 1.2575 0.4731
-1.5314 -0.7967 1.0885 1.5624 -0.7119 1.2469 0.4607
-1.5114 -0.8274 1.0164 1.6074 2.4691 -1.1778 -2.7000
-1.5014 -0.8415 1.0234 1.5672 -0.6510 1.2195 0.4259
-1.4914 -0.8547 1.0029 1.5688 -0.6324 1.2116 0.4149
-1.4814 -0.8673 0.9828 1.5704 -0.6146 1.2041 0.4042
-1.4714 -0.8791 0.9631 1.5719 -0.5974 1.1971 0.3938
-1.4614 -0.8904 0.9439 1.5735 -0.5807 1.1905 0.3835
-1.4514 -0.9012 0.9249 1.5750 -0.5646 1.1843 0.3735
-1.4414 -0.9114 0.9063 1.5766 -0.5491 1.1785 0.3637
-1.4313 -0.9212 0.8880 1.5781 -0.5342 1.1729 0.3542
-1.4213 -0.9305 0.8700 1.5796 -0.5195 1.1676 0.3448
-1.4113 -0.9394 0.8522 1.5811 -0.5052 1.1626 0.3355
-1.4013 -0.9479 0.8346 1.5826 -0.4915 1.1579 0.3265
-1.3913 -0.9561 0.8172 1.5840 -0.4781 1.1534 0.3176
-1.3813 -0.9639 0.8001 1.5855 -0.4651 1.1491 0.3088
-1.3713 -0.9714 0.7831 1.5869 -0.4523 1.1450 0.3002
-1.3613 -0.9786 0.7664 1.5883 -0.4398 1.1411 0.2916
-1.3513 -0.9855 0.7497 1.5897 -0.4276 1.1374 0.2833
-1.3413 -0.9922 0.7333 1.5910 -0.4159 1.1338 0.2751
-1.3313 -0.9985 0.7170 1.5924 -0.4043 1.1305 0.2670
-1.3212 -1.0047 0.7008 1.5937 -0.3931 1.1272 0.2590
